1.349605853033020771e-04 1.012626508314407254e-03 1.682727929328415445e-02 5.586776479633122350e-02 3.697875392863577554e-02 4.851597568967207577e-03 8.722301232273853159e-04 6.209400422160664401e-03 1.028049903509608426e-01 3.426387715974283932e-01 2.293682564515091005e-01 3.065590679769316165e-02 1.965883355978159143e-03 1.379406884811629382e-02 2.281453887464228725e-01 7.612018184984872260e-01 5.111603541873999124e-01 6.866849030885274763e-02 8.722301232273845569e-04 6.209400422160664401e-03 1.028049903509607871e-01 3.426387715974282822e-01 2.293682564515090172e-01 3.065590679769315124e-02
1.276159048376042772e-03 1.367207811871911554e-03 1.968339708312182024e-02 7.495198317162284074e-02 7.430428260377769378e-02 1.906638702237197988e-02 5.194568962949349701e-03 5.310414762412970710e-03 7.612169362263038197e-02 2.908253691930715035e-01 2.911422578509151871e-01 7.592613312129700698e-02 1.022641285932587157e-02 1.030112792998578303e-02 1.474547281956583855e-01 5.639497758486893275e-01 5.663165215758383386e-01 1.484459279684040289e-01 5.194568962949347099e-03 5.310414762412970710e-03 7.612169362263035421e-02 2.908253691930715590e-01 2.911422578509151871e-01 7.592613312129700698e-02
5.913172965065414260e-03 1.702649864093192054e-03 1.956785739215571168e-02 8.221381500643094864e-02 1.089834750975168798e-01 4.535886616274414224e-02 1.759950088384042849e-02 4.922410480417486502e-03 5.595530302089879449e-02 2.356921219770332088e-01 3.147964396092002293e-01 1.326706025774051223e-01 3.127317801483858739e-02 8.660073505318130124e-03 9.806129957547754517e-02 4.134141202530726700e-01 5.536134440595811279e-01 2.343352019298182709e-01 1.759950088384041808e-02 4.922410480417484767e-03 5.595530302089879449e-02 2.356921219770331255e-01 3.147964396092000072e-01 1.326706025774050668e-01
1.726899951482439508e-02 2.766575616115594591e-03 1.787913461273599181e-02 8.073997132585511438e-02 1.331513443474284797e-01 7.973357066088028466e-02 4.099605905390467375e-02 6.527294723485579930e-03 4.118555192822459521e-02 1.863189793360076063e-01 3.090090689924903655e-01 1.867958318697545694e-01 6.717146812769475561e-02 1.067092315127677812e-02 6.671578964996778549e-02 3.020189894771678207e-01 5.019785439947912487e-01 3.045358602734017373e-01 4.099605905390464600e-02 6.527294723485580798e-03 4.118555192822458133e-02 1.863189793360075786e-01 3.090090689924903655e-01 1.867958318697544584e-01
3.702412688451566652e-02 6.090001734587150058e-03 1.568753680233514122e-02 7.402686718188029869e-02 1.446839964861366679e-01 1.149921020831227852e-01 7.420907348501784573e-02 1.227620304359525530e-02 3.076113540547462805e-02 1.452454345230158039e-01 2.850865608408738039e-01 2.281947627488477015e-01 1.137442324395422644e-01 1.886135962288095977e-02 4.672002591754056966e-02 2.206540438171086249e-01 4.338698932125727437e-01 3.483184503293271783e-01 7.420907348501783185e-02 1.227620304359524489e-02 3.076113540547462111e-02 1.452454345230156929e-01 2.850865608408736929e-01 2.281947627488475627e-01
6.399234851095889076e-02 1.360903295003973446e-02 1.397767511924813931e-02 6.486907445318022825e-02 1.451677936699474758e-01 1.446927002775387772e-01 1.126410971142148970e-01 2.413950979168533878e-02 2.425752050088613929e-02 1.123611041068936917e-01 2.522487488857036997e-01 2.527752933048771911e-01 1.631847918117958207e-01 3.509376931382616333e-02 3.491481188668865698e-02 1.615799744150917538e-01 3.632771718973364372e-01 3.649351662471168600e-01 1.126410971142148693e-01 2.413950979168532490e-02 2.425752050088613235e-02 1.123611041068936361e-01 2.522487488857033666e-01 2.527752933048769690e-01
9.466284654121237541e-02 2.676980661994678157e-02 1.387805243633356660e-02 5.520297507645870877e-02 1.376488699843993468e-01 1.650963054966693155e-01 1.505355224747491616e-01 4.285998255226800696e-02 2.193999302860256267e-02 8.672515127234867172e-02 2.167476860329503596e-01 2.610323343430950294e-01 2.077548381405649458e-01 5.935212940027581596e-02 3.019086506110332108e-02 1.189591282740867229e-01 2.976549084831141556e-01 3.592106406178220412e-01 1.505355224747492171e-01 4.285998255226800696e-02 2.193999302860255574e-02 8.672515127234861620e-02 2.167476860329503041e-01 2.610323343430949738e-01
1.247181269193248648e-01 4.575578511768632617e-02 1.665222109751250679e-02 4.635301325533919964e-02 1.252451624064593594e-01 1.752218304290411865e-01 1.829671003121269290e-01 6.749600818058945628e-02 2.446031490504741931e-02 6.739538863648168732e-02 1.823546391515332155e-01 2.559211134364199336e-01 2.420870494883133328e-01 8.957324360298508925e-02 3.238658554354659214e-02 8.873427281684290180e-02 2.402760485513031341e-01 3.377920892783215501e-01 1.829671003121268735e-01 6.749600818058942853e-02 2.446031490504740891e-02 6.739538863648168732e-02 1.823546391515330767e-01 2.559211134364197671e-01
1.504176471182143981e-01 6.930917321002866283e-02 2.341673976210941963e-02 3.933351134875468641e-02 1.105527915954933882e-01 1.760259497394573436e-01 2.068259277703204391e-01 9.571743229665537200e-02 3.235677002011450032e-02 5.375931989366938141e-02 1.511255493724404375e-01 2.412063283001758818e-01 2.637583884516472299e-01 1.223798933557981167e-01 4.138346881616514206e-02 6.831289644095253633e-02 1.920576896463432881e-01 3.069756016758281025e-01 2.068259277703203836e-01 9.571743229665533037e-02 3.235677002011448644e-02 5.375931989366936059e-02 1.511255493724403265e-01 2.412063283001758540e-01
1.693402429598849512e-01 9.512949926845619408e-02 3.476480606209721158e-02 3.503130787543436153e-02 9.553679125213654366e-02 1.694695865438443638e-01 2.209170772217019518e-01 1.245320649884256448e-01 4.561303742546877343e-02 4.556416191203487703e-02 1.240774038995807321e-01 2.204921207192592492e-01 2.727921203110071358e-01 1.541105206386480242e-01 5.652771541210825645e-02 5.615629752882980719e-02 1.527758063430687818e-01 2.718018358426984582e-01 2.209170772217018131e-01 1.245320649884256170e-01 4.561303742546876649e-02 4.556416191203486316e-02 1.240774038995807044e-01 2.204921207192592492e-01
