1.000000000000000000e+01 0.000000000000000000e+00 1.740784523727979028e-68 0.000000000000000000e+00
1.000999999999999979e+01 0.000000000000000000e+00 5.774500158744165984e-68 0.000000000000000000e+00
1.001999999999999957e+01 0.000000000000000000e+00 1.906535236099014187e-67 0.000000000000000000e+00
1.002999999999999936e+01 0.000000000000000000e+00 6.265220848824412142e-67 0.000000000000000000e+00
1.003999999999999915e+01 0.000000000000000000e+00 2.049222401192928444e-66 0.000000000000000000e+00
1.004999999999999893e+01 0.000000000000000000e+00 6.671185547837795097e-66 0.000000000000000000e+00
1.005999999999999872e+01 0.000000000000000000e+00 2.161614345049775498e-65 0.000000000000000000e+00
1.006999999999999851e+01 0.000000000000000000e+00 6.971315376713390516e-65 0.000000000000000000e+00
1.007999999999999829e+01 0.000000000000000000e+00 2.237755454754358924e-64 0.000000000000000000e+00
1.008999999999999808e+01 0.000000000000000000e+00 7.149438779377986982e-64 0.000000000000000000e+00
1.009999999999999787e+01 0.000000000000000000e+00 2.273488533265817017e-63 0.000000000000000000e+00
1.010999999999999766e+01 0.000000000000000000e+00 7.195734496289160705e-63 0.000000000000000000e+00
1.011999999999999744e+01 0.000000000000000000e+00 2.266830757689894505e-62 0.000000000000000000e+00
1.012999999999999723e+01 0.000000000000000000e+00 7.107628575061483933e-62 0.000000000000000000e+00
1.013999999999999702e+01 0.000000000000000000e+00 2.218155934112831083e-61 0.000000000000000000e+00
1.014999999999999680e+01 0.000000000000000000e+00 6.890031419249818675e-61 0.000000000000000000e+00
1.015999999999999659e+01 0.000000000000000000e+00 2.130159738874606150e-60 0.000000000000000000e+00
1.016999999999999638e+01 0.000000000000000000e+00 6.554884498539718006e-60 0.000000000000000000e+00
1.017999999999999616e+01 0.000000000000000000e+00 2.007612442762155059e-59 0.000000000000000000e+00
1.018999999999999595e+01 0.000000000000000000e+00 6.120074940168406609e-59 0.000000000000000000e+00
1.019999999999999574e+01 0.000000000000000000e+00 1.856930678006199174e-58 0.000000000000000000e+00
1.020999999999999552e+01 0.000000000000000000e+00 5.607855263015094973e-58 0.000000000000000000e+00
1.021999999999999531e+01 0.000000000000000000e+00 1.685621724359244522e-57 0.000000000000000000e+00
1.022999999999999510e+01 0.000000000000000000e+00 5.042962378007707469e-57 0.000000000000000000e+00
1.023999999999999488e+01 0.000000000000000000e+00 1.501667175742269339e-56 0.000000000000000000e+00
1.024999999999999467e+01 0.000000000000000000e+00 4.450656390124670807e-56 0.000000000000000000e+00
1.025999999999999446e+01 0.000000000000000000e+00 1.312915971681211171e-55 0.000000000000000000e+00
1.026999999999999424e+01 0.000000000000000000e+00 3.854893225106846170e-55 0.000000000000000000e+00
1.027999999999999403e+01 0.000000000000000000e+00 1.126549816703874488e-54 0.000000000000000000e+00
1.028999999999999382e+01 0.000000000000000000e+00 3.276809141972613051e-54 0.000000000000000000e+00
1.029999999999999361e+01 0.000000000000000000e+00 9.486688951327411657e-54 7.270551409253840424e-310
1.030999999999999339e+01 0.000000000000000000e+00 2.733638094401247924e-53 3.114197671873951363e-308
1.031999999999999318e+01 0.000000000000000000e+00 7.840256848547355300e-53 1.320651834024748906e-306
1.032999999999999297e+01 0.000000000000000000e+00 2.238115803038262765e-52 5.544901750893808281e-305
1.033999999999999275e+01 0.000000000000000000e+00 6.359132635430155303e-52 2.304956543572328132e-303
1.034999999999999254e+01 0.000000000000000000e+00 1.798358848462537116e-51 9.486259808367594452e-302
1.035999999999999233e+01 0.000000000000000000e+00 5.061952316047874938e-51 3.865366613854263333e-300
1.036999999999999211e+01 0.000000000000000000e+00 1.418152853241061797e-50 1.559372201063140942e-298
1.037999999999999190e+01 0.000000000000000000e+00 3.954498507110852838e-50 6.228340132911990809e-297
1.038999999999999169e+01 0.000000000000000000e+00 1.097547308856457400e-49 2.462965394072959144e-295
1.039999999999999147e+01 0.000000000000000000e+00 3.031926193186490967e-49 9.642902370752814417e-294
1.040999999999999126e+01 0.000000000000000000e+00 8.336382366738856509e-49 3.737840100438600563e-292
1.041999999999999105e+01 0.000000000000000000e+00 2.281394222856910563e-48 1.434488843229989055e-290
1.042999999999999083e+01 0.000000000000000000e+00 6.214223140364264564e-48 5.450510182408221059e-289
1.043999999999999062e+01 0.000000000000000000e+00 1.684756854731527504e-47 2.050409843732801580e-287
1.044999999999999041e+01 0.000000000000000000e+00 4.546231950590565292e-47 7.636735719609183407e-286
1.045999999999999019e+01 0.000000000000000000e+00 1.221040323237709752e-46 2.816037432326228931e-284
1.046999999999998998e+01 0.000000000000000000e+00 3.264168514215370302e-46 1.028093663076117210e-282
1.047999999999998977e+01 0.000000000000000000e+00 8.685191061236695678e-46 3.716127075675121352e-281
1.048999999999998956e+01 0.000000000000000000e+00 2.300120110636438612e-45 1.329878806556743641e-279
1.049999999999998934e+01 0.000000000000000000e+00 6.062979233343645536e-45 4.711912600375061862e-278
1.050999999999998913e+01 0.000000000000000000e+00 1.590692263279983539e-44 1.652898019843548656e-276
1.051999999999998892e+01 0.000000000000000000e+00 4.153850635998548479e-44 5.740617141150675840e-275
1.052999999999998870e+01 0.000000000000000000e+00 1.079643317258412683e-43 1.973943954377211933e-273
1.053999999999998849e+01 0.000000000000000000e+00 2.793023197095204345e-43 6.720085236808176656e-272
1.054999999999998828e+01 0.000000000000000000e+00 7.191735434611770594e-43 2.265053658587434485e-270
1.055999999999998806e+01 0.000000000000000000e+00 1.843138125483622091e-42 7.558680301322798796e-269
1.056999999999998785e+01 0.000000000000000000e+00 4.701616341650042000e-42 2.497337555015326627e-267
1.057999999999998764e+01 0.000000000000000000e+00 1.193717942333384252e-41 8.169064561172682565e-266
1.058999999999998742e+01 0.000000000000000000e+00 3.016626854805916257e-41 2.645642983550071657e-264
1.059999999999998721e+01 0.000000000000000000e+00 7.587643360552339538e-41 8.483088489151424669e-263
1.060999999999998700e+01 0.000000000000000000e+00 1.899580847416595734e-40 2.693026500214908009e-261
1.061999999999998678e+01 0.000000000000000000e+00 4.733412159838540149e-40 8.464301956181326177e-260
1.062999999999998657e+01 0.000000000000000000e+00 1.173969038214846805e-39 2.633938202008525077e-258
1.063999999999998636e+01 0.000000000000000000e+00 2.898043236317589316e-39 8.114914489788923436e-257
1.064999999999998614e+01 0.000000000000000000e+00 7.120641008303698089e-39 2.475291036613520294e-255
1.065999999999998593e+01 0.000000000000000000e+00 1.741403663257139378e-38 7.475367822833916073e-254
1.066999999999998572e+01 0.000000000000000000e+00 4.238830679156177213e-38 2.235130384803827738e-252
1.067999999999998550e+01 0.000000000000000000e+00 1.026973079019215060e-37 6.616635002732016364e-251
1.068999999999998529e+01 0.000000000000000000e+00 2.476501234217203173e-37 1.939257749926819898e-249
1.069999999999998508e+01 0.000000000000000000e+00 5.944080246673721909e-37 5.627272647567088371e-248
1.070999999999998487e+01 0.000000000000000000e+00 1.420030043299660212e-36 1.616681492400127969e-246
1.071999999999998465e+01 0.000000000000000000e+00 3.376581880395282551e-36 4.598488291563139268e-245
1.072999999999998444e+01 0.000000000000000000e+00 7.991421811583641774e-36 1.295000201503847801e-243
1.073999999999998423e+01 0.000000000000000000e+00 1.882512957913673530e-35 3.610677856591123091e-242
1.074999999999998401e+01 0.000000000000000000e+00 4.413866371683509030e-35 9.967169137072279461e-241
1.075999999999998380e+01 0.000000000000000000e+00 1.030072548228718679e-34 2.724075348045708082e-239
1.076999999999998359e+01 0.000000000000000000e+00 2.392676654297099369e-34 7.371071606555066240e-238
1.077999999999998337e+01 0.000000000000000000e+00 5.531818479258274599e-34 1.974723955007924606e-236
1.078999999999998316e+01 0.000000000000000000e+00 1.272974442997022481e-33 5.237770113527927316e-235
1.079999999999998295e+01 0.000000000000000000e+00 2.915677271752396184e-33 1.375468885746050473e-233
1.080999999999998273e+01 0.000000000000000000e+00 6.647025909741879905e-33 3.576180506848675354e-232
1.081999999999998252e+01 0.000000000000000000e+00 1.508285645587787650e-32 9.205607219253947387e-231
1.082999999999998231e+01 0.000000000000000000e+00 3.406499154098652774e-32 2.346117846157411023e-229
1.083999999999998209e+01 0.000000000000000000e+00 7.657757197567347916e-32 5.919862289258252611e-228
1.084999999999998188e+01 0.000000000000000000e+00 1.713419395045126537e-31 1.478896595715357063e-226
1.085999999999998167e+01 0.000000000000000000e+00 3.815879992200779516e-31 3.657871664911045889e-225
1.086999999999998145e+01 0.000000000000000000e+00 8.458529065288322307e-31 8.957433557043568288e-224
1.087999999999998124e+01 0.000000000000000000e+00 1.866226111756476910e-30 2.171716988629708442e-222
1.088999999999998103e+01 0.000000000000000000e+00 4.098294154594103730e-30 5.212995988500146219e-221
1.089999999999998082e+01 1.685588520823855401e-309 8.958011495594279279e-30 1.238899587218248508e-219
1.090999999999998060e+01 1.558378575815295674e-307 1.948901571126105054e-29 2.915072820908518855e-218
1.091999999999998039e+01 1.420001770932503144e-305 4.220249996613674268e-29 6.790899730678988457e-217
1.092999999999998018e+01 1.275261782514342621e-303 9.096129123683866476e-29 1.566281668775818367e-215
1.093999999999997996e+01 1.128767182775861971e-301 1.951395990923629140e-28 3.576655219535488916e-214
1.094999999999997975e+01 9.847001507177234217e-300 4.166820034589979932e-28 8.086283857795385351e-213
1.095999999999997954e+01 8.466389884657169641e-298 8.855943072936529395e-28 1.810029317533049569e-211
1.096999999999997932e+01 7.174426388193318826e-296 1.873422894447355609e-27 4.011317018664362636e-210
1.097999999999997911e+01 5.991986052507655824e-294 3.944645371880406338e-27 8.801428024455856105e-209
1.098999999999997890e+01 4.932295913962141423e-292 8.267066820277402958e-27 1.911983347910894798e-207
1.099999999999997868e+01 4.001494333895663546e-290 1.724513021357624781e-26 4.112253763960191798e-206
1.100999999999997847e+01 3.199558616347246002e-288 3.580579062444183041e-26 8.756702096464299898e-205
1.101999999999997826e+01 2.521463870678323147e-286 7.399664566194487020e-26 1.846146413375228653e-203
1.102999999999997804e+01 1.958440015871927966e-284 1.522099327212538799e-25 3.853511275318046332e-202
1.103999999999997783e+01 1.499210712879853692e-282 3.116351049970449714e-25 7.963648545470030658e-201
1.104999999999997762e+01 1.131123407700168555e-280 6.350711754281788033e-25 1.629418060122894802e-199
1.105999999999997740e+01 8.411089340118818540e-279 1.288164446903376088e-24 3.300790693353947527e-198
1.106999999999997719e+01 6.164381071527923186e-277 2.600718410516624841e-24 6.620160190539874045e-197
1.107999999999997698e+01 4.452682411358222357e-275 5.226232342744030458e-24 1.314571141693509833e-195
1.108999999999997677e+01 3.169925133359251882e-273 1.045340310495061183e-23 2.584430190105952046e-194
1.109999999999997655e+01 2.224187357543122638e-271 2.081136359912013420e-23 5.030494346738502050e-193
1.110999999999997634e+01 1.538115123219656185e-269 4.123988878675131284e-23 9.694417204665809499e-192
1.111999999999997613e+01 1.048338325994804804e-267 8.134086827443413790e-23 1.849685791904512301e-190
1.112999999999997591e+01 7.042214776392428667e-266 1.596889105802013498e-22 3.494133249386328746e-189
1.113999999999997570e+01 4.662429590405229449e-264 3.120438434883507958e-22 6.535009849274068175e-188
1.114999999999997549e+01 3.042359700298142120e-262 6.069202966832109382e-22 1.210091876758397059e-186
1.115999999999997527e+01 1.956609340438454514e-260 1.174960234383687173e-21 2.218481414121671827e-185
1.116999999999997506e+01 1.240203667241872185e-258 2.264073007212844745e-21 4.026786728423452625e-184
1.117999999999997485e+01 7.747779691786671760e-257 4.342439035789321962e-21 7.236471941941981189e-183
1.118999999999997463e+01 4.770423275995362047e-255 8.289977975050969869e-21 1.287539590826379050e-181
1.119999999999997442e+01 2.894889599271307257e-253 1.575250667170552594e-20 2.268087438241703252e-180
1.120999999999997421e+01 1.731420570670473159e-251 2.979359624718181879e-20 3.955710701759185651e-179
1.121999999999997399e+01 1.020630764760909596e-249 5.608845305631005982e-20 6.830536490563417421e-178
1.122999999999997378e+01 5.929666815127844645e-248 1.050997296927166584e-19 1.167752245208101902e-176
1.123999999999997357e+01 3.395373235700183232e-246 1.960232882816964516e-19 1.976570208407160011e-175
1.124999999999997335e+01 1.916198006629655952e-244 3.639083442853122427e-19 3.312374681829112883e-174
1.125999999999997314e+01 1.065832406505511188e-242 6.724422239473263222e-19 5.495818515319230131e-173
1.126999999999997293e+01 5.842963480288624662e-241 1.236792687604467298e-18 9.027989871752717874e-172
1.127999999999997272e+01 3.156989798743303141e-239 2.264217661313155188e-18 1.468302493931040731e-170
1.128999999999997250e+01 1.681159744973442234e-237 4.125904188201084640e-18 2.364317747168628138e-169
1.129999999999997229e+01 8.823494623794675994e-236 7.483421029828957379e-18 3.769311419713509117e-168
1.130999999999997208e+01 4.564236610580748438e-234 1.351019703257458654e-17 5.949549895547322462e-167
1.131999999999997186e+01 2.326974369466663162e-232 2.427750432072943853e-17 9.297627772964999610e-166
1.132999999999997165e+01 1.169259797216697913e-230 4.342378281409914587e-17 1.438554084422489864e-164
1.133999999999997144e+01 5.790638420257860463e-229 7.730951256726292223e-17 2.203668531196152356e-163
1.134999999999997122e+01 2.826428047657073829e-227 1.369999170012352948e-16 3.342199915621959225e-162
1.135999999999997101e+01 1.359707591416128996e-225 2.416518868875902177e-16 5.018624461156347680e-161
1.136999999999997080e+01 6.446875115922695198e-224 4.242706939209999612e-16 7.461104769069550733e-160
1.137999999999997058e+01 3.012653509785590491e-222 7.414455877646867499e-16 1.098216047555944845e-158
1.138999999999997037e+01 1.387539493375196555e-220 1.289731785234400975e-15 1.600437372955688300e-157
1.139999999999997016e+01 6.298509769526453753e-219 2.233077826749719902e-15 2.309169855456433241e-156
1.140999999999996994e+01 2.817906607487218693e-217 3.848514575595170958e-15 3.298674140267137560e-155
1.141999999999996973e+01 1.242543968492807958e-215 6.601881517674399028e-15 4.665404877203286370e-154
1.142999999999996952e+01 5.399995108766927646e-214 1.127270482158642084e-14 6.532895255492360567e-153
1.143999999999996930e+01 2.312977708501209297e-212 1.915909013473593459e-14 9.057086810086447817e-152
1.144999999999996909e+01 9.764411144581910255e-211 3.241219868325572306e-14 1.243191099395551205e-150
1.145999999999996888e+01 4.062723331795821665e-209 5.457949504710698872e-14 1.689483006961886962e-149
1.146999999999996867e+01 1.666038640060757880e-207 9.148260012637786857e-14 2.273193397266332157e-148
1.147999999999996845e+01 6.733635032099804153e-206 1.526286353314168004e-13 3.028207388673885690e-147
1.148999999999996824e+01 2.682321385588159711e-204 2.534677221880064534e-13 3.993940252796349114e-146
1.149999999999996803e+01 1.053098121407726401e-202 4.189855266178798101e-13 5.215359891294238960e-145
1.150999999999996781e+01 4.074963327286880032e-201 6.893911629904942919e-13 6.742699764712899933e-144
1.151999999999996760e+01 1.554087495305827712e-199 1.129076490760348402e-12 8.630783701887456403e-143
1.152999999999996739e+01 5.841497251418073053e-198 1.840655974503612119e-12 1.093789037795521351e-141
1.153999999999996717e+01 2.164062961593001284e-196 2.986855101959292044e-12 1.372410004505953220e-140
1.154999999999996696e+01 7.901556830871320784e-195 4.824459155530576162e-12 1.704909034231017786e-139
1.155999999999996675e+01 2.843495605049715194e-193 7.756695809258550056e-12 2.096938194850199822e-138
1.156999999999996653e+01 1.008531875994629931e-191 1.241364294323389856e-11 2.553507771225135528e-137
1.157999999999996632e+01 3.525526063993925611e-190 1.977501569154380068e-11 3.078618875119251686e-136
1.158999999999996611e+01 1.214662214148841060e-188 3.135669465088481063e-11 3.674869464578275307e-135
1.159999999999996589e+01 4.124624948128819379e-187 4.949260864002526195e-11 4.343053787316512471e-134
1.160999999999996568e+01 1.380418649576356013e-185 7.775849345559271612e-11 5.081779970727802468e-133
1.161999999999996547e+01 4.553387842545750382e-184 1.216055994895037017e-10 5.887134012280110657e-132
1.162999999999996525e+01 1.480321350343541539e-182 1.893033903678813788e-10 6.752420203293978121e-131
1.163999999999996504e+01 4.743238454341457364e-181 2.933345098569609711e-10 7.668007548804486250e-130
1.164999999999996483e+01 1.497930186829186427e-179 4.524480944596980488e-10 8.621308679098539642e-129
1.165999999999996461e+01 4.662361146484247750e-178 6.946661206536668902e-10 9.596911954173859127e-128
1.166999999999996440e+01 1.430270025572754195e-176 1.061661735406062557e-09 1.057687907774538273e-126
1.167999999999996419e+01 4.324421493285521525e-175 1.615101681403936610e-09 1.154120999151364824e-125
1.168999999999996398e+01 1.288652787868757473e-173 2.445784720638526917e-09 1.246846482553173667e-124
1.169999999999996376e+01 3.784790158710185633e-172 3.686737904772493592e-09 1.333652018733412643e-123
1.170999999999996355e+01 1.095584173269471102e-170 5.531883607301750368e-09 1.412342518992924960e-122
1.171999999999996334e+01 3.125703786928452153e-169 8.262502862155285547e-09 1.480831250483360517e-121
1.172999999999996312e+01 8.789174418510520540e-168 1.228454711504160285e-08 1.537231246275535157e-120
1.173999999999996291e+01 2.435827969605474610e-166 1.818095821682795299e-08 1.579941468852896196e-119
1.174999999999996270e+01 6.653397653698463607e-165 2.678463090691449978e-08 1.607722250843014336e-118
1.175999999999996248e+01 1.791178051560597078e-163 3.927960096012089496e-08 1.619755056720077424e-117
1.176999999999996227e+01 4.752613763129211834e-162 5.734060017215626548e-08 1.615682546042432871e-116
1.177999999999996206e+01 1.242867531471283078e-160 8.332445269041832616e-08 1.595626201998955639e-115
1.178999999999996184e+01 3.203434132609393264e-159 1.205310990441031238e-07 1.560180311732327116e-114
1.179999999999996163e+01 8.137771027880809644e-158 1.735575700634207714e-07 1.510382714647062220e-113
1.180999999999996142e+01 2.037482664393603669e-156 2.487752856153951424e-07 1.447664327792918040e-112
1.181999999999996120e+01 5.027837657984882722e-155 3.549699675850515802e-07 1.373780873437419700e-111
1.182999999999996099e+01 1.222834036150250836e-153 5.041946328798045308e-07 1.290731352172438572e-110
1.183999999999996078e+01 2.931249721079373508e-152 7.129000270180582956e-07 1.200668535835937055e-109
1.184999999999996056e+01 6.925278285776499293e-151 1.003423983513073337e-06 1.105807048958306438e-108
1.185999999999996035e+01 1.612578386629342512e-149 1.405942109336711401e-06 1.008334460014210333e-107
1.186999999999996014e+01 3.700869042620448035e-148 1.961007500826367083e-06 9.103302516425926497e-107
1.187999999999995993e+01 8.371166193798447520e-147 2.722837506154746038e-06 8.136966555704164976e-106
1.188999999999995971e+01 1.866240718545410028e-145 3.763541482345640230e-06 7.201042228652503620e-105
1.189999999999995950e+01 4.100614052458215562e-144 5.178525616667476589e-06 6.309537669930011545e-104
1.190999999999995929e+01 8.880343349169464579e-143 7.093359673626913929e-06 5.473550806832641120e-103
1.191999999999995907e+01 1.895441290764917455e-141 9.672446318481853767e-06 4.701216917931658143e-102
1.192999999999995886e+01 3.987408459086805964e-140 1.312989656021192645e-05 3.997799718811812049e-101
1.193999999999995865e+01 8.267439332019234482e-139 1.774308464288722846e-05 3.365902011647141197e-100
1.194999999999995843e+01 1.689473187751390817e-137 2.386943177323982347e-05 2.805767528428144178e-99
1.195999999999995822e+01 3.402762852194313602e-136 3.196704925874021495e-05 2.315643880365945786e-98
1.196999999999995801e+01 6.754796211377545598e-135 4.261995615655546132e-05 1.892177250322967515e-97
1.197999999999995779e+01 1.321578931791587201e-133 5.656867184756267489e-05 1.530812198825145344e-96
1.198999999999995758e+01 2.548439626120688907e-132 7.474706661929599798e-05 1.226174151891631662e-95
1.199999999999995737e+01 4.843464050542552662e-131 9.832642895347477093e-05 9.724172139547845969e-95
1.200999999999995715e+01 9.072738701355501568e-130 1.287677712946481946e-04 7.635253384292553665e-94
1.201999999999995694e+01 1.675025493793401956e-128 1.678834400557396964e-04 5.935601032115444392e-93
1.202999999999995673e+01 3.047931771279961917e-127 2.179091128390707596e-04 4.568529978935809519e-92
1.203999999999995651e+01 5.466256030809078372e-126 2.815872476607648610e-04 3.481439771437247811e-91
1.204999999999995630e+01 9.662193173256130423e-125 3.622629858680735063e-04 2.626709377615510300e-90
1.205999999999995609e+01 1.683304137974356613e-123 4.639933923640525990e-04 1.962167131848327461e-89
1.206999999999995588e+01 2.890351805543686792e-122 5.916707334291342437e-04 1.451212153050540678e-88
1.207999999999995566e+01 4.891478829226166516e-121 7.511602338648473666e-04 1.062666183817016179e-87
1.208999999999995545e+01 8.158890794200477494e-120 9.494524122786614489e-04 7.704313843367339652e-87
1.209999999999995524e+01 1.341292977052117649e-118 1.194829658581253451e-03 5.530219018709140996e-86
1.210999999999995502e+01 2.173291037441913645e-117 1.497046186091218530e-03 3.930267117414356943e-85
1.211999999999995481e+01 3.470675071983972838e-116 1.867519860243432471e-03 2.765497609893370594e-84
1.212999999999995460e+01 5.462758183758478062e-115 2.319533679183732617e-03 1.926620177216533420e-83
1.213999999999995438e+01 8.474460769186249566e-114 2.868443866008580419e-03 1.328894897973732511e-82
1.214999999999995417e+01 1.295729585805339384e-112 3.531890641486707706e-03 9.075216496295510815e-82
1.215999999999995396e+01 1.952625742461219966e-111 4.330006799770646370e-03 6.136140628851291800e-81
1.216999999999995374e+01 2.900187727963497216e-110 5.285618234879281563e-03 4.107765898896215429e-80
1.217999999999995353e+01 4.245568070273191631e-109 6.424429596782815603e-03 2.722627709432337398e-79
1.218999999999995332e+01 6.125594436814434869e-108 7.775187333855573639e-03 1.786665100154161705e-78
1.219999999999995310e+01 8.710910303239681118e-107 9.369811550646254747e-03 1.160835000502981406e-77
1.220999999999995289e+01 1.220904950385110009e-105 1.124348742881396863e-02 7.467417081793594823e-77
1.221999999999995268e+01 1.686565919781281420e-104 1.343470648056927473e-02 4.756012961987781966e-76
1.222999999999995246e+01 2.296297131470720749e-103 1.598524768513687883e-02 2.999083028501389833e-75
1.223999999999995225e+01 3.081458266965957639e-102 1.894008865524892879e-02 1.872435743994672530e-74
1.224999999999995204e+01 4.075567503599345110e-101 2.234723744355881364e-02 1.157439950310140208e-73
1.225999999999995183e+01 5.312802068276570605e-100 2.625747647127689086e-02 7.083750642766655257e-73
1.226999999999995161e+01 6.825949663053628356e-99 3.072401137495582579e-02 4.292412538329847772e-72
1.227999999999995140e+01 8.643837280250832441e-98 3.580201933896152294e-02 2.575213153072687014e-71
1.228999999999995119e+01 1.078833192930835401e-96 4.154809370939889501e-02 1.529672971122096957e-70
1.229999999999995097e+01 1.327108393142881610e-95 4.801958434795473851e-02 8.996173795463988954e-70
1.230999999999995076e+01 1.609025900427895315e-94 5.527383623633401466e-02 5.238308423099917279e-69
1.231999999999995055e+01 1.922756930987277623e-93 6.336733221502768854e-02 3.019940820018551038e-68
1.232999999999995033e+01 2.264595387437383259e-92 7.235474934181260198e-02 1.723773082189735781e-67
1.233999999999995012e+01 2.628826399621606104e-91 8.228794207133988126e-02 9.741732753554410010e-67
1.234999999999994991e+01 3.007727105236105006e-90 9.321486915394316952e-02 5.450884057357260882e-66
1.235999999999994969e+01 3.391722910655306138e-89 1.051784846810170371e-01 3.019760214122526128e-65
1.236999999999994948e+01 3.769709611386635307e-88 1.182156169083610764e-01 1.656353089810592886e-64
1.237999999999994927e+01 4.129535574673000477e-87 1.323558612075625418e-01 8.995151966730171614e-64
1.238999999999994905e+01 4.458620408780051650e-86 1.476205155737045360e-01 4.836591188771181015e-63
1.239999999999994884e+01 4.744669365137948657e-85 1.640215884134884616e-01 2.574813189962818875e-62
1.240999999999994863e+01 4.976428528380800811e-84 1.815609087306384595e-01 1.357149587656757477e-61
1.241999999999994841e+01 5.144416850555185763e-83 2.002293682237720196e-01 7.082483064650900503e-61
1.242999999999994820e+01 5.241568924121118357e-82 2.200063231603116010e-01 3.659480086373869191e-60
1.243999999999994799e+01 5.263727834113216875e-81 2.408591811746674249e-01 1.872101705613203805e-59
1.244999999999994778e+01 5.209940193307629111e-80 2.627431943912970636e-01 9.482347998248581101e-59
1.245999999999994756e+01 5.082524183105147619e-79 2.856014755717988240e-01 4.755311125679072406e-58
1.246999999999994735e+01 4.886903834082842045e-78 3.093652484545253989e-01 2.361123915052998127e-57
1.247999999999994714e+01 4.631226052366207209e-77 3.339543372628467344e-01 1.160741796655588961e-56
1.248999999999994692e+01 4.325798066483136199e-76 3.592778937088950686e-01 5.649755752951493857e-56
1.249999999999994671e+01 3.982399395575239861e-75 3.852353529473757643e-01 2.722708462548480449e-55
1.250999999999994650e+01 3.613532211372413264e-74 4.117176030922157781e-01 1.299122912839128480e-54
1.251999999999994628e+01 3.231676165940466987e-73 4.386083463588789644e-01 6.137297788550553987e-54
1.252999999999994607e+01 2.848608557214735719e-72 4.657856238945258243e-01 2.870663091228291297e-53
1.253999999999994586e+01 2.474839276692764307e-71 4.931234711478286181e-01 1.329430254028911091e-52
1.254999999999994564e+01 2.119194253089729560e-70 5.204936664230268573e-01 6.095753898773472558e-52
1.255999999999994543e+01 1.788563400011110975e-69 5.477675322327614227e-01 2.767375320521467823e-51
1.256999999999994522e+01 1.487811743202994387e-68 5.748177473378440760e-01 1.243906433949475935e-50
1.257999999999994500e+01 1.219837466902344953e-67 6.015201270118595289e-01 5.535879426044176791e-50
1.258999999999994479e+01 9.857495235632562483e-67 6.277553301091016724e-01 2.439299005698404940e-49
1.259999999999994458e+01 7.851309325905019821e-66 6.534104539020614277e-01 1.064199911571005639e-48
1.260999999999994436e+01 6.163519785561207202e-65 6.783804812895305458e-01 4.596861532555145820e-48
1.261999999999994415e+01 4.768996355729085911e-64 7.025695497072446116e-01 1.965983710226060075e-47
1.262999999999994394e+01 3.636947048142321718e-63 7.258920167052769212e-01 8.324898906907413305e-47
1.263999999999994373e+01 2.733751692017668834e-62 7.482733034618493928e-01 3.490268667134109952e-46
1.264999999999994351e+01 2.025319599944560790e-61 7.696505042311325706e-01 1.448838131652537447e-45
1.265999999999994330e+01 1.478906785459568143e-60 7.899727566120249289e-01 5.954732864154994201e-45
1.266999999999994309e+01 1.064390772669284509e-59 8.092013743169081952e-01 2.423184038518107110e-44
1.267999999999994287e+01 7.550484130046562796e-59 8.273097505688998821e-01 9.763207428583476749e-44
1.268999999999994266e+01 5.279128564048041343e-58 8.442830461426209521e-01 3.894762141084663398e-43
1.269999999999994245e+01 3.638009005281257778e-57 8.601176811998585414e-01 1.538338759354490850e-42
1.270999999999994223e+01 2.471039856704917216e-56 8.748206543110116362e-01 6.015974181005726604e-42
1.271999999999994202e+01 1.654285817871498901e-55 8.884087152939648124e-01 2.329395378843348763e-41
1.272999999999994181e+01 1.091582419100035478e-54 9.009074206890463898e-01 8.930258968046835112e-41
1.273999999999994159e+01 7.099341873510646895e-54 9.123501018133799434e-01 3.389759096003819604e-40
1.274999999999994138e+01 4.550882390806137050e-53 9.227767754353979335e-01 1.273966189570631553e-39
1.275999999999994117e+01 2.875341931638869035e-52 9.322330262546730806e-01 4.740581427814712831e-39
1.276999999999994095e+01 1.790606501678322308e-51 9.407688886704522746e-01 1.746587403489134218e-38
1.277999999999994074e+01 1.099076720417727735e-50 9.484377529065650680e-01 6.371393267549453852e-38
1.278999999999994053e+01 6.649262571299057787e-50 9.552953175802658681e-01 2.301252409379303915e-37
1.279999999999994031e+01 3.964943636006812892e-49 9.613986074166629425e-01 8.229628743587091472e-37
1.280999999999994010e+01 2.330338785541195315e-48 9.668050711785072249e-01 2.913954537354411177e-36
1.281999999999993989e+01 1.349957450836430780e-47 9.715717711570667214e-01 1.021579681577357770e-35
1.282999999999993967e+01 7.707979301096228125e-47 9.757546718951561893e-01 3.546084527800874202e-35
1.283999999999993946e+01 4.337913874179154408e-46 9.794080323125400334e-01 1.218747416735089277e-34
1.284999999999993925e+01 2.406255456391365849e-45 9.825839021804553264e-01 4.147310538843269417e-34
1.285999999999993904e+01 1.315598793274622295e-44 9.853317210265468695e-01 1.397359238284384488e-33
1.286999999999993882e+01 7.089680266629351240e-44 9.876980151008689646e-01 4.661639764927415403e-33
1.287999999999993861e+01 3.765752857511639615e-43 9.897261860312039916e-01 1.539780941804945233e-32
1.288999999999993840e+01 1.971512373923695549e-42 9.914563832532887755e-01 5.035808881261953828e-32
1.289999999999993818e+01 1.017349764782848978e-41 9.929254512106024944e-01 1.630685081265732792e-31
1.290999999999993797e+01 5.174456435618997918e-41 9.941669416545199089e-01 5.228318274647012568e-31
1.291999999999993776e+01 2.594080416690438815e-40 9.952111811010623255e-01 1.659760834010389094e-30
1.292999999999993754e+01 1.281819857682549580e-39 9.960853835676529711e-01 5.217003272926442392e-30
1.293999999999993733e+01 6.243038845323610026e-39 9.968137990684533545e-01 1.623638529831781670e-29
1.294999999999993712e+01 2.997030751922382798e-38 9.974178889333099596e-01 5.003233652623581307e-29
1.295999999999993690e+01 1.418120505450006474e-37 9.979165197762711603e-01 1.526532257836412847e-28
1.296999999999993669e+01 6.613974610548410024e-37 9.983261688206291895e-01 4.611641453983520660e-28
1.297999999999993648e+01 3.040465297554169038e-36 9.986611342383923118e-01 1.379431147321785830e-27
1.298999999999993626e+01 1.377673898542656447e-35 9.989337451386315347e-01 4.085451699971288681e-27
1.299999999999993605e+01 6.152935924012886461e-35 9.991545668035662908e-01 1.198053800472797211e-26
1.300999999999993584e+01 2.708623790350182556e-34 9.993325976929412491e-01 3.478639279656929063e-26
1.301999999999993562e+01 1.175292843673207544e-33 9.994754555927161110e-01 1.000092039255275818e-25
1.302999999999993541e+01 5.026612382028799119e-33 9.995895510567111009e-01 2.846877132526927296e-25
1.303999999999993520e+01 2.119031542630899071e-32 9.996802469692283033e-01 8.024100467719001621e-25
1.304999999999993499e+01 8.805073948430383137e-32 9.997520036379565767e-01 2.239358321770948125e-24
1.305999999999993477e+01 3.606309718120314463e-31 9.998085093094545295e-01 6.188012226050281955e-24
1.306999999999993456e+01 1.455889310395513714e-30 9.998527963877402724e-01 1.693089179032513701e-23
1.307999999999993435e+01 5.793352207636823955e-30 9.998873439363968885e-01 4.586806140818650005e-23
1.308999999999993413e+01 2.272315831203156422e-29 9.999141672645081025e-01 1.230392345039383100e-22
1.309999999999993392e+01 8.785077946237261400e-29 9.999348955463202016e-01 3.267987347284335133e-22
1.310999999999993371e+01 3.347817023408312600e-28 9.999508385139507238e-01 8.594516975642197640e-22
1.311999999999993349e+01 1.257529015717786509e-27 9.999630433019929265e-01 2.238039864443029946e-21
1.312999999999993328e+01 4.656028104339542696e-27 9.999723425222843964e-01 5.770591086752801546e-21
1.313999999999993307e+01 1.699243249971293260e-26 9.999793946155528523e-01 1.473261533574780328e-20
1.314999999999993285e+01 6.112783796921813745e-26 9.999847174722730214e-01 3.724323705587207112e-20
1.315999999999993264e+01 2.167540477191116160e-25 9.999887162450014078e-01 9.322319872621046895e-20
1.316999999999993243e+01 7.576023473212186548e-25 9.999917061947124486e-01 2.310524631098244227e-19
1.317999999999993221e+01 2.610132637524185457e-24 9.999939313291893450e-01 5.670329208665791635e-19
1.318999999999993200e+01 8.864052325937869113e-24 9.999955795062238639e-01 1.377901248705996529e-18
1.319999999999993179e+01 2.967234400488320075e-23 9.999967945912544565e-01 3.315440016889561109e-18
1.320999999999993157e+01 9.790899612308804609e-23 9.999976861802487571e-01 7.899119180389527108e-18
1.321999999999993136e+01 3.184534616308150813e-22 9.999983373255989516e-01 1.863510109841479350e-17
1.322999999999993115e+01 1.020994659705192701e-21 9.999988106363882912e-01 4.353130222732301891e-17
1.323999999999993094e+01 3.226685411568331363e-21 9.999991530650285121e-01 1.006907667672879955e-16
1.324999999999993072e+01 1.005187392168223225e-20 9.999993996399900720e-01 2.306200306236864310e-16
1.325999999999993051e+01 3.086713653805081541e-20 9.999995763589237807e-01 5.230282425143544698e-16
1.326999999999993030e+01 9.343428528465094990e-20 9.999997024175026894e-01 1.174560490171114392e-15
1.327999999999993008e+01 2.787908922586167315e-19 9.999997919162477711e-01 2.611855883452434129e-15
1.328999999999992987e+01 8.200024042929676342e-19 9.999998551598650032e-01 5.751062640355969867e-15
1.329999999999992966e+01 2.377485134486924065e-18 9.999998996405710106e-01 1.253930874935675577e-14
1.330999999999992944e+01 6.794986815902765418e-18 9.999999307779359192e-01 2.707243388003547556e-14
1.331999999999992923e+01 1.914386446091837463e-17 9.999999524723166555e-01 5.787764741932477228e-14
1.332999999999992902e+01 5.316709458032332574e-17 9.999999675164742419e-01 1.225253676448480146e-13
1.333999999999992880e+01 1.455562291133198801e-16 9.999999778999726363e-01 2.568470081590065346e-13
1.334999999999992859e+01 3.928217527057862703e-16 9.999999850330141271e-01 5.331607889746240993e-13
1.335999999999992838e+01 1.045055935659672712e-15 9.999999899101067458e-01 1.095920361213544767e-12
1.336999999999992816e+01 2.740724141310343063e-15 9.999999932290702942e-01 2.230688219838190469e-12
1.337999999999992795e+01 7.085581664909452129e-15 9.999999954770850685e-01 4.496140684999910674e-12
1.338999999999992774e+01 1.805813128467272567e-14 9.999999969925680299e-01 8.973961146892729674e-12
1.339999999999992752e+01 4.536908889444377181e-14 9.999999980094210761e-01 1.773674695555872418e-11
1.340999999999992731e+01 1.123673719318080723e-13 9.999999986885004244e-01 3.471455094829047040e-11
1.341999999999992710e+01 2.743572199359132681e-13 9.999999991398760280e-01 6.728206703317699640e-11
1.342999999999992689e+01 6.603767800858479164e-13 9.999999994384904944e-01 1.291337557170950226e-10
1.343999999999992667e+01 1.567002892092264764e-12 9.999999996351154330e-01 2.454344460448768168e-10
1.344999999999992646e+01 3.665674763494230699e-12 9.999999997639765770e-01 4.619438838805328918e-10
1.345999999999992625e+01 8.453720342811938862e-12 9.999999998480310071e-01 8.610011131660393849e-10
1.346999999999992603e+01 1.922009366143644409e-11 9.999999999026010222e-01 1.589212299747186974e-09
1.347999999999992582e+01 4.308051049351984331e-11 9.999999999378627047e-01 2.904871249651640852e-09
1.348999999999992561e+01 9.519806861358489836e-11 9.999999999605407863e-01 5.258257000954600209e-09
1.349999999999992539e+01 2.073966955224518382e-10 9.999999999750573965e-01 9.426055692562139885e-09
1.350999999999992518e+01 4.454578209838895021e-10 9.999999999843061094e-01 1.673381390012772800e-08
1.351999999999992497e+01 9.432944973626799359e-10 9.999999999901708625e-01 2.941983495389245146e-08
1.352999999999992475e+01 1.969378149343551851e-09 9.999999999938723461e-01 5.122355068659485989e-08
1.353999999999992454e+01 4.053754462888169353e-09 9.999999999961974861e-01 8.832573013396672388e-08
1.354999999999992433e+01 8.226933134475612417e-09 9.999999999976512122e-01 1.508332346170686239e-07
1.355999999999992411e+01 1.646177616430324920e-08 9.999999999985559329e-01 2.550958777583990231e-07
1.356999999999992390e+01 3.247730098322557813e-08 9.999999999991162625e-01 4.272784266656467242e-07
1.357999999999992369e+01 6.317632262842243835e-08 9.999999999994616529e-01 7.088010942282872829e-07
1.358999999999992347e+01 1.211733070684856027e-07 9.999999999996735944e-01 1.164524612258728069e-06
1.359999999999992326e+01 2.291633752402565370e-07 9.999999999998029354e-01 1.894912144764194251e-06
1.360999999999992305e+01 4.273433409254651869e-07 9.999999999998816502e-01 3.053873888752664832e-06
1.361999999999992284e+01 7.857971668355669256e-07 9.999999999999291678e-01 4.874617064720153289e-06
1.362999999999992262e+01 1.424802136106692924e-06 9.999999999999578115e-01 7.706609727165704489e-06
1.363999999999992241e+01 2.547525605476447762e-06 9.999999999999750200e-01 1.206774342391024126e-05
1.364999999999992220e+01 4.491716583180838393e-06 9.999999999999852340e-01 1.871696068287449714e-05
1.365999999999992198e+01 7.809916957482231913e-06 9.999999999999913403e-01 2.875399694884993133e-05
1.366999999999992177e+01 1.339158315646685589e-05 9.999999999999950040e-01 4.375444778398267183e-05
1.367999999999992156e+01 2.264543809721762953e-05 9.999999999999971134e-01 6.595005243173754437e-05
1.368999999999992134e+01 3.776638865722662498e-05 9.999999999999983347e-01 9.846578182551707348e-05
1.369999999999992113e+01 6.211830169016617975e-05 9.999999999999990008e-01 1.456268761054437444e-04
1.370999999999992092e+01 1.007714314525095579e-04 9.999999999999994449e-01 2.133501743059456354e-04
1.371999999999992070e+01 1.612405781614159811e-04 9.999999999999996669e-01 3.096346307766047602e-04
1.372999999999992049e+01 2.544759303337972424e-04 9.999999999999997780e-01 4.451654684016845970e-04
1.373999999999992028e+01 3.961612960521561149e-04 9.999999999999998890e-01 6.340445749078424181e-04
1.374999999999992006e+01 6.083718527032381173e-04 9.999999999999998890e-01 8.946560749639623049e-04
1.375999999999991985e+01 9.216330382408539955e-04 1.000000000000000000e+00 1.250670088086474480e-03
1.376999999999991964e+01 1.377401015200440185e-03 1.000000000000000000e+00 1.732179156436306324e-03
1.377999999999991942e+01 2.030950760961628895e-03 1.000000000000000000e+00 2.376950476129630584e-03
1.378999999999991921e+01 2.954608595615749924e-03 1.000000000000000000e+00 3.231762879710135469e-03
1.379999999999991900e+01 4.241201690989797497e-03 1.000000000000000000e+00 4.353780775671413188e-03
1.380999999999991878e+01 6.007519906766748720e-03 1.000000000000000000e+00 5.811898597026102405e-03
1.381999999999991857e+01 8.397500178272154434e-03 1.000000000000000000e+00 7.687969805892886505e-03
1.382999999999991836e+01 1.158475894553056586e-02 1.000000000000000000e+00 1.007781564267037910e-02
1.383999999999991815e+01 1.577402532321495188e-02 1.000000000000000000e+00 1.309189250245779146e-02
1.384999999999991793e+01 2.120098099635928449e-02 1.000000000000000000e+00 1.685548529365235582e-02
1.385999999999991772e+01 2.813000748658069095e-02 1.000000000000000000e+00 2.150828977510992404e-02
1.386999999999991751e+01 3.684939182056359841e-02 1.000000000000000000e+00 2.720325201563908099e-02
1.387999999999991729e+01 4.766365849150655531e-02 1.000000000000000000e+00 3.410454978150075089e-02
1.388999999999991708e+01 6.088288320802820452e-02 1.000000000000000000e+00 4.238463020792853503e-02
1.389999999999991687e+01 7.680909749961452315e-02 1.000000000000000000e+00 5.222026098153152024e-02
1.390999999999991665e+01 9.572019726596880940e-02 1.000000000000000000e+00 6.378760767432965773e-02
1.391999999999991644e+01 1.178520962649773907e-01 1.000000000000000000e+00 7.725641565614581319e-02
1.392999999999991623e+01 1.433801813214049536e-01 1.000000000000000000e+00 9.278344754786449489e-02
1.393999999999991601e+01 1.724013878038219150e-01 1.000000000000000000e+00 1.105054014922876582e-01
1.394999999999991580e+01 2.049183791847326019e-01 1.000000000000000000e+00 1.305316055722646751e-01
1.395999999999991559e+01 2.408273466631993820e-01 1.000000000000000000e+00 1.529368428459297879e-01
1.396999999999991537e+01 2.799108197466486647e-01 1.000000000000000000e+00 1.777547030377318316e-01
1.397999999999991516e+01 3.218365902333650830e-01 1.000000000000000000e+00 2.049718749566235565e-01
1.398999999999991495e+01 3.661634154599384683e-01 1.000000000000000000e+00 2.345237836605857384e-01
1.399999999999991473e+01 4.123536188635980593e-01 1.000000000000000000e+00 2.662919357741329041e-01
1.400999999999991452e+01 4.597921021218952520e-01 1.000000000000000000e+00 3.001032652914127352e-01
1.401999999999991431e+01 5.078106904623765905e-01 1.000000000000000000e+00 3.357316735996460633e-01
1.402999999999991410e+01 5.557162211192553380e-01 1.000000000000000000e+00 3.729018370827544282e-01
1.403999999999991388e+01 6.028204171223745522e-01 1.000000000000000000e+00 4.112952217202991978e-01
1.404999999999991367e+01 6.484694108760868936e-01 1.000000000000000000e+00 4.505581065980261979e-01
1.405999999999991346e+01 6.920708169613047911e-01 1.000000000000000000e+00 4.903112881191300509e-01
1.406999999999991324e+01 7.331164968032876095e-01 1.000000000000000000e+00 5.301610247337309456e-01
1.407999999999991303e+01 7.711995784070984072e-01 1.000000000000000000e+00 5.697106977433123998e-01
1.408999999999991282e+01 8.060248397448439572e-01 1.000000000000000000e+00 6.085726145208183446e-01
1.409999999999991260e+01 8.374121683924045101e-01 1.000000000000000000e+00 6.463793706505394088e-01
1.410999999999991239e+01 8.652934025655865113e-01 1.000000000000000000e+00 6.827942179054682370e-01
1.411999999999991218e+01 8.897033756564856066e-01 1.000000000000000000e+00 7.175199529560976064e-01
1.412999999999991196e+01 9.107663778566716939e-01 1.000000000000000000e+00 7.503059412875596745e-01
1.413999999999991175e+01 9.286794844332126875e-01 1.000000000000000000e+00 7.809530134024416093e-01
1.414999999999991154e+01 9.436942725828013634e-01 1.000000000000000000e+00 8.093161056847301138e-01
1.415999999999991132e+01 9.560983700042393618e-01 1.000000000000000000e+00 8.353046553028011800e-01
1.416999999999991111e+01 9.661980772766276537e-01 1.000000000000000000e+00 8.588808866539801024e-01
1.417999999999991090e+01 9.743030220608887015e-01 1.000000000000000000e+00 8.800562369154225628e-01
1.418999999999991068e+01 9.807134790143909875e-01 1.000000000000000000e+00 8.988862532603272282e-01
1.419999999999991047e+01 9.857106656173437731e-01 1.000000000000000000e+00 9.154643498987020678e-01
1.420999999999991026e+01 9.895500340879446188e-01 1.000000000000000000e+00 9.299148378455517339e-01
1.421999999999991005e+01 9.924573462601420371e-01 1.000000000000000000e+00 9.423856354805678626e-01
1.422999999999990983e+01 9.946271536372061073e-01 1.000000000000000000e+00 9.530410371578791340e-01
1.423999999999990962e+01 9.962232104097278329e-01 1.000000000000000000e+00 9.620548657171833495e-01
1.424999999999990941e+01 9.973803163550414297e-01 1.000000000000000000e+00 9.696042691508706124e-01
1.425999999999990919e+01 9.982071069865096069e-01 1.000000000000000000e+00 9.758643486334511730e-01
1.426999999999990898e+01 9.987893651647982152e-01 1.000000000000000000e+00 9.810037310238727271e-01
1.427999999999990877e+01 9.991935065002975902e-01 1.000000000000000000e+00 9.851811293449667106e-01
1.428999999999990855e+01 9.994699768538508611e-01 1.000000000000000000e+00 9.885428739287704936e-01
1.429999999999990834e+01 9.996563835374970841e-01 1.000000000000000000e+00 9.912213477700858588e-01
1.430999999999990813e+01 9.997802552108029372e-01 1.000000000000000000e+00 9.933342235918745100e-01
1.431999999999990791e+01 9.998613849605140214e-01 1.000000000000000000e+00 9.949843773213675746e-01
1.432999999999990770e+01 9.999137553581141091e-01 1.000000000000000000e+00 9.962603421519063973e-01
1.433999999999990749e+01 9.999470741468148294e-01 1.000000000000000000e+00 9.972371673831821326e-01
1.434999999999990727e+01 9.999679666333445294e-01 1.000000000000000000e+00 9.979775545775600998e-01
1.435999999999990706e+01 9.999808784885019231e-01 1.000000000000000000e+00 9.985331578467596669e-01
1.436999999999990685e+01 9.999887432352642103e-01 1.000000000000000000e+00 9.989459529618416322e-01
1.437999999999990663e+01 9.999934647181368819e-01 1.000000000000000000e+00 9.992495993838902413e-01
1.438999999999990642e+01 9.999962583531550875e-01 1.000000000000000000e+00 9.994707385398584609e-01
1.439999999999990621e+01 9.999978874934276618e-01 1.000000000000000000e+00 9.996301894442842784e-01
1.440999999999990600e+01 9.999988238577415256e-01 1.000000000000000000e+00 9.997440182514392149e-01
1.441999999999990578e+01 9.999993542886008724e-01 1.000000000000000000e+00 9.998244710656031264e-01
1.442999999999990557e+01 9.999996504375934236e-01 1.000000000000000000e+00 9.998807692191408192e-01
1.443999999999990536e+01 9.999998134006937711e-01 1.000000000000000000e+00 9.999197733780494923e-01
1.444999999999990514e+01 9.999999017831024961e-01 1.000000000000000000e+00 9.999465275513973461e-01
1.445999999999990493e+01 9.999999490263687951e-01 1.000000000000000000e+00 9.999646967598824210e-01
1.446999999999990472e+01 9.999999739156023582e-01 1.000000000000000000e+00 9.999769131904424624e-01
1.447999999999990450e+01 9.999999868391171720e-01 1.000000000000000000e+00 9.999850455487000467e-01
1.448999999999990429e+01 9.999999934528595036e-01 1.000000000000000000e+00 9.999904053972983320e-01
1.449999999999990408e+01 9.999999967887470698e-01 1.000000000000000000e+00 9.999939028543352038e-01
1.450999999999990386e+01 9.999999984470849812e-01 1.000000000000000000e+00 9.999961623738640171e-01
1.451999999999990365e+01 9.999999992596013687e-01 1.000000000000000000e+00 9.999976076261121172e-01
1.452999999999990344e+01 9.999999996519650658e-01 1.000000000000000000e+00 9.999985228662326975e-01
1.453999999999990322e+01 9.999999998387073541e-01 1.000000000000000000e+00 9.999990967055297775e-01
1.454999999999990301e+01 9.999999999263053940e-01 1.000000000000000000e+00 9.999994529181981395e-01
1.455999999999990280e+01 9.999999999668043316e-01 1.000000000000000000e+00 9.999996718416422903e-01
1.456999999999990258e+01 9.999999999852582366e-01 1.000000000000000000e+00 9.999998050523141169e-01
1.457999999999990237e+01 9.999999999935459405e-01 1.000000000000000000e+00 9.999998853031561996e-01
1.458999999999990216e+01 9.999999999972143394e-01 1.000000000000000000e+00 9.999999331688116389e-01
1.459999999999990195e+01 9.999999999988147259e-01 1.000000000000000000e+00 9.999999614346746224e-01
1.460999999999990173e+01 9.999999999995028421e-01 1.000000000000000000e+00 9.999999779605441841e-01
1.461999999999990152e+01 9.999999999997943867e-01 1.000000000000000000e+00 9.999999875265406235e-01
1.462999999999990131e+01 9.999999999999161782e-01 1.000000000000000000e+00 9.999999930088044886e-01
1.463999999999990109e+01 9.999999999999663602e-01 1.000000000000000000e+00 9.999999961194711018e-01
1.464999999999990088e+01 9.999999999999866773e-01 1.000000000000000000e+00 9.999999978669456002e-01
1.465999999999990067e+01 9.999999999999947820e-01 1.000000000000000000e+00 9.999999988388689198e-01
1.466999999999990045e+01 9.999999999999980016e-01 1.000000000000000000e+00 9.999999993740700255e-01
1.467999999999990024e+01 9.999999999999992228e-01 1.000000000000000000e+00 9.999999996658569534e-01
1.468999999999990003e+01 9.999999999999996669e-01 1.000000000000000000e+00 9.999999998233561893e-01
1.469999999999989981e+01 9.999999999999998890e-01 1.000000000000000000e+00 9.999999999075257495e-01
1.470999999999989960e+01 1.000000000000000000e+00 1.000000000000000000e+00 9.999999999520600147e-01
1.471999999999989939e+01 1.000000000000000000e+00 1.000000000000000000e+00 9.999999999753892421e-01
1.472999999999989917e+01 1.000000000000000000e+00 1.000000000000000000e+00 9.999999999874886747e-01
1.473999999999989896e+01 1.000000000000000000e+00 1.000000000000000000e+00 9.999999999937017048e-01
1.474999999999989875e+01 1.000000000000000000e+00 1.000000000000000000e+00 9.999999999968602893e-01
1.475999999999989853e+01 1.000000000000000000e+00 1.000000000000000000e+00 9.999999999984501287e-01
1.476999999999989832e+01 1.000000000000000000e+00 1.000000000000000000e+00 9.999999999992423838e-01
1.477999999999989811e+01 1.000000000000000000e+00 1.000000000000000000e+00 9.999999999996332933e-01
1.478999999999989790e+01 1.000000000000000000e+00 1.000000000000000000e+00 9.999999999998242517e-01
1.479999999999989768e+01 1.000000000000000000e+00 1.000000000000000000e+00 9.999999999999166223e-01
1.480999999999989747e+01 1.000000000000000000e+00 1.000000000000000000e+00 9.999999999999608091e-01
1.481999999999989726e+01 1.000000000000000000e+00 1.000000000000000000e+00 9.999999999999817923e-01
1.482999999999989704e+01 1.000000000000000000e+00 1.000000000000000000e+00 9.999999999999915623e-01
1.483999999999989683e+01 1.000000000000000000e+00 1.000000000000000000e+00 9.999999999999961142e-01
1.484999999999989662e+01 1.000000000000000000e+00 1.000000000000000000e+00 9.999999999999982236e-01
1.485999999999989640e+01 1.000000000000000000e+00 1.000000000000000000e+00 9.999999999999992228e-01
1.486999999999989619e+01 1.000000000000000000e+00 1.000000000000000000e+00 9.999999999999996669e-01
1.487999999999989598e+01 1.000000000000000000e+00 1.000000000000000000e+00 9.999999999999998890e-01
1.488999999999989576e+01 1.000000000000000000e+00 1.000000000000000000e+00 9.999999999999998890e-01
1.489999999999989555e+01 1.000000000000000000e+00 1.000000000000000000e+00 1.000000000000000000e+00
1.490999999999989534e+01 1.000000000000000000e+00 1.000000000000000000e+00 1.000000000000000000e+00
1.491999999999989512e+01 1.000000000000000000e+00 1.000000000000000000e+00 1.000000000000000000e+00
1.492999999999989491e+01 1.000000000000000000e+00 1.000000000000000000e+00 1.000000000000000000e+00
1.493999999999989470e+01 1.000000000000000000e+00 1.000000000000000000e+00 1.000000000000000000e+00
1.494999999999989448e+01 1.000000000000000000e+00 1.000000000000000000e+00 1.000000000000000000e+00
1.495999999999989427e+01 1.000000000000000000e+00 1.000000000000000000e+00 1.000000000000000000e+00
1.496999999999989406e+01 1.000000000000000000e+00 1.000000000000000000e+00 1.000000000000000000e+00
1.497999999999989384e+01 1.000000000000000000e+00 1.000000000000000000e+00 1.000000000000000000e+00
1.498999999999989363e+01 1.000000000000000000e+00 1.000000000000000000e+00 1.000000000000000000e+00
