0.000000000000000000e+00 0.000000000000000000e+00 0.000000000000000000e+00 0.000000000000000000e+00 0.000000000000000000e+00 0.000000000000000000e+00 0.000000000000000000e+00 0.000000000000000000e+00 0.000000000000000000e+00 0.000000000000000000e+00
2.000000000000000042e-02 1.381965280347423430e+01 1.385899434722441548e+01 1.390006822228816041e+01 1.234087139790001864e+01 1.217124913167990030e+01 1.227970623875158473e+01 1.382915564278504128e+01 1.380623182645237179e+01 1.388224644340625780e+01
4.000000000000000083e-02 1.382732565855087437e+01 1.389231368373167186e+01 1.390024598469734229e+01 1.235959431360660687e+01 1.218482981360408068e+01 1.233630368293742308e+01 1.385624114898063652e+01 1.385928250716638210e+01 1.393502878789213995e+01
5.999999999999999778e-02 1.382938660421924482e+01 1.389626664935478573e+01 1.390431515319328426e+01 1.236435059766747102e+01 1.228937728927460249e+01 1.237923459593034536e+01 1.385831210417504167e+01 1.390504879993271814e+01 1.393806559165525982e+01
8.000000000000000167e-02 1.383995544621232199e+01 1.390490118112009199e+01 1.390440276480695658e+01 1.238586593974124206e+01 1.229947934851235658e+01 1.238225353997760969e+01 1.386180621132498203e+01 1.391581848678626265e+01 1.396578069522389143e+01
1.000000000000000056e-01 1.387588096101429258e+01 1.392150398639139297e+01 1.391247159147661172e+01 1.245741421471623589e+01 1.231175301312867987e+01 1.241616591012204296e+01 1.388474824334596391e+01 1.393192305657266594e+01 1.396925843468903139e+01
1.200000000000000094e-01 1.388707768778104956e+01 1.393304893544760859e+01 1.391380039959825332e+01 1.247654914146066929e+01 1.231663426534072414e+01 1.244093887732799075e+01 1.388645614034933295e+01 1.394893661947671326e+01 1.397459793883771617e+01
1.399999999999999856e-01 1.389048634291702022e+01 1.393732060430474284e+01 1.392718158614112056e+01 1.247795790405870520e+01 1.233724162280033276e+01 1.244593178168940284e+01 1.388985058912887993e+01 1.395625722330481189e+01 1.397495888701867806e+01
1.600000000000000033e-01 1.389290911212411039e+01 1.393929942424916391e+01 1.393502153513724018e+01 1.248411120145983055e+01 1.236657721222965378e+01 1.245059054580693747e+01 1.389414954077168929e+01 1.397208948640728465e+01 1.397615955577693470e+01
1.799999999999999933e-01 1.390492228057544644e+01 1.396038215319686060e+01 1.396082271759800797e+01 1.248563435035371683e+01 1.241139539689088522e+01 1.245170801028612573e+01 1.389571187917348816e+01 1.398091116261170086e+01 1.397638187439219237e+01
1.999999999999999833e-01 1.390939316474291410e+01 1.396480844590507786e+01 1.396973889717247630e+01 1.249184980475247997e+01 1.243319008862139796e+01 1.245330742243265298e+01 1.389701796812354750e+01 1.398180578597803958e+01 1.398044466010265197e+01
2.200000000000000011e-01 1.390950289560128361e+01 1.397100964563635017e+01 1.397730099583025698e+01 1.249481249502331437e+01 1.243851086230349878e+01 1.247581752741253425e+01 1.389807451937835303e+01 1.398192384680202238e+01 1.399224681205975962e+01
2.399999999999999911e-01 1.391616387966954704e+01 1.398331632258841140e+01 1.397863043327700439e+01 1.250299291170991012e+01 1.243866579983511400e+01 1.247963328091787005e+01 1.390439136978701740e+01 1.399441126286006032e+01 1.399248295919637997e+01
2.600000000000000089e-01 1.392060971665582336e+01 1.399164591438780292e+01 1.398301911465105718e+01 1.250733429904371441e+01 1.244250821231584503e+01 1.248148440085478761e+01 1.392106067332254682e+01 1.400268477497444763e+01 1.399564953443723603e+01
2.800000000000000266e-01 1.392329938743731077e+01 1.399994454195580573e+01 1.398358572328668359e+01 1.251317680996019632e+01 1.244512499844678644e+01 1.249113590440617116e+01 1.393160591976859841e+01 1.401114533157561404e+01 1.399846402606618589e+01
3.000000000000000444e-01 1.393895840791475571e+01 1.400272643116580262e+01 1.398480473320323547e+01 1.251993328190050114e+01 1.246709587954294562e+01 1.251532174398784569e+01 1.395291227340328533e+01 1.401685349454252894e+01 1.401314948869328347e+01
3.200000000000000067e-01 1.394064196832941427e+01 1.401253422287128281e+01 1.398969563143290173e+01 1.252706838431343783e+01 1.247305864460902924e+01 1.252135743231112563e+01 1.395336111682798297e+01 1.402567277041617899e+01 1.402483384316277260e+01
3.400000000000000244e-01 1.394706183724933624e+01 1.401526113681445906e+01 1.399331847329573542e+01 1.253075960314322401e+01 1.248669483209289233e+01 1.252749371637887421e+01 1.395355803178998144e+01 1.402605356403434556e+01 1.403020253042736343e+01
3.600000000000000422e-01 1.395291060503470781e+01 1.401908014999502683e+01 1.399751881500647777e+01 1.253229221253102743e+01 1.248788503837677233e+01 1.254572925282664642e+01 1.395605434783462151e+01 1.402676009004583157e+01 1.404266872185215753e+01
3.800000000000000044e-01 1.395547861331671946e+01 1.401974209040425734e+01 1.400448908246703716e+01 1.256554333017141012e+01 1.248899443594813441e+01 1.255694735543650964e+01 1.396979353005543345e+01 1.403188961328969597e+01 1.404866111787579896e+01
4.000000000000000222e-01 1.396776635885247941e+01 1.402117066034656645e+01 1.400520075414108767e+01 1.256926966943175827e+01 1.249301971658799459e+01 1.257107092716607788e+01 1.397380623226712970e+01 1.403989312477920137e+01 1.405079226486105171e+01
4.200000000000000400e-01 1.397097343312022488e+01 1.402488349164436343e+01 1.400941580072314174e+01 1.257338619899167398e+01 1.249356403541716887e+01 1.257568735576440488e+01 1.397403876098004538e+01 1.404405405145136676e+01 1.405395917242799264e+01
4.400000000000000022e-01 1.397098546380929385e+01 1.402768175640290416e+01 1.401650645362232339e+01 1.258618210450574182e+01 1.251012987689270872e+01 1.257866603923214477e+01 1.397556788271742434e+01 1.404885678798174808e+01 1.406322648893523208e+01
4.600000000000000200e-01 1.397397197005261305e+01 1.402910953946711992e+01 1.402245242069563069e+01 1.259238320493756902e+01 1.252409157029365616e+01 1.258208466690740224e+01 1.398373682826696118e+01 1.404994125362674318e+01 1.406687863258733096e+01
4.800000000000000377e-01 1.397622711409698049e+01 1.403106721858441652e+01 1.402439737883314130e+01 1.259502387441760973e+01 1.252578271042099267e+01 1.259002574813361797e+01 1.398991192835435804e+01 1.405037570916769596e+01 1.406720408699811209e+01
5.000000000000000000e-01 1.398019664394245076e+01 1.403422240695157086e+01 1.402596067055658402e+01 1.260282362623624586e+01 1.254342700498668428e+01 1.259563388682189355e+01 1.399981318679377829e+01 1.405072069667216361e+01 1.407476978626916519e+01
5.200000000000000178e-01 1.398037907786544665e+01 1.404481741913186710e+01 1.403248088470083843e+01 1.260472826142519942e+01 1.254835705491755427e+01 1.260075744339288129e+01 1.400439377765752624e+01 1.405500808822889347e+01 1.407965986419772797e+01
5.400000000000000355e-01 1.398109691396526166e+01 1.404628311408441732e+01 1.404023191003578575e+01 1.261945454119521770e+01 1.254897060248863561e+01 1.260115651424149341e+01 1.400488066856653013e+01 1.405677920213114618e+01 1.408271102837647248e+01
5.600000000000000533e-01 1.398383454951926019e+01 1.405221256188860224e+01 1.404383365579301568e+01 1.262199347354958689e+01 1.255457926639999577e+01 1.260342661067615566e+01 1.400558890525586264e+01 1.405787310521970568e+01 1.408369343196629764e+01
5.800000000000000711e-01 1.399724072974689548e+01 1.405655316496070917e+01 1.406486699926368189e+01 1.262318177054238078e+01 1.256702064879481995e+01 1.262187119938699986e+01 1.401554114415643681e+01 1.405903745430824969e+01 1.408692797492314241e+01
5.999999999999999778e-01 1.401377062118067407e+01 1.405762526284282465e+01 1.406539794329468940e+01 1.262942306412912963e+01 1.257426157506056796e+01 1.262309422987381602e+01 1.403253532672097492e+01 1.405959753300818882e+01 1.408918641745058054e+01
6.199999999999999956e-01 1.402387171264077459e+01 1.406560451415544399e+01 1.406828420985837802e+01 1.263209917812321059e+01 1.257652235023966369e+01 1.262327430520726601e+01 1.403313665304435176e+01 1.407201614668698397e+01 1.409410703704394230e+01
6.400000000000000133e-01 1.402435541087396587e+01 1.407197524134030431e+01 1.407467175609518684e+01 1.263670394504287131e+01 1.257969241449319853e+01 1.262671959238557839e+01 1.403882129219129915e+01 1.408366207757844890e+01 1.409423462252508763e+01
6.600000000000000311e-01 1.402935932276242070e+01 1.407546099829038155e+01 1.407527898179765913e+01 1.264281293475715096e+01 1.259189849135360717e+01 1.262940280276433391e+01 1.404424819195261520e+01 1.408850886258060164e+01 1.409600188122471742e+01
6.800000000000000488e-01 1.403695119149983483e+01 1.407688456773411190e+01 1.407785841347544853e+01 1.264613448258206141e+01 1.261214583332630923e+01 1.263477559336785205e+01 1.405764414091653158e+01 1.409284674319604669e+01 1.410150035378567779e+01
7.000000000000000666e-01 1.403920947300747279e+01 1.407774883044992009e+01 1.408079199880279297e+01 1.264804711170575580e+01 1.261720997462913374e+01 1.264094115130243345e+01 1.406809128342440474e+01 1.410698084757381920e+01 1.412574225542161876e+01
7.200000000000000844e-01 1.404070339297796188e+01 1.408369142487890713e+01 1.408419786705587029e+01 1.264971644134643114e+01 1.262954986991120876e+01 1.264224461341700767e+01 1.407719978380653103e+01 1.411199729473834985e+01 1.415130097737128523e+01
7.399999999999999911e-01 1.404272099348174940e+01 1.408432723135614673e+01 1.408535301356745961e+01 1.265830646694666228e+01 1.264298034062559140e+01 1.264482956915201761e+01 1.410331641785896828e+01 1.411276668781728461e+01 1.415561301683166562e+01
7.600000000000000089e-01 1.404391070546042464e+01 1.408992308702071128e+01 1.409258085057646781e+01 1.266707807460703705e+01 1.265568869390100915e+01 1.266097943402476389e+01 1.410614507645108695e+01 1.411602069085352085e+01 1.415570532017033223e+01
7.800000000000000266e-01 1.404744562306950684e+01 1.409013078699306476e+01 1.409316673951261301e+01 1.269196168236855193e+01 1.266208765466417319e+01 1.266962920963113781e+01 1.410772213492347404e+01 1.411805602414139926e+01 1.416363089127461805e+01
8.000000000000000444e-01 1.405168271141101854e+01 1.409124538215927736e+01 1.409769828407550385e+01 1.269397457639124482e+01 1.267948514192696940e+01 1.267721251038355312e+01 1.410895814559764361e+01 1.412708000973818478e+01 1.416604413336933810e+01
8.200000000000000622e-01 1.407037148307646390e+01 1.410557384749478516e+01 1.409974931109646867e+01 1.270255216449417723e+01 1.268880199517939644e+01 1.268482428587004307e+01 1.411307856704638297e+01 1.413800203680722767e+01 1.416843975162689162e+01
8.400000000000000799e-01 1.407164404766421839e+01 1.411020850508965552e+01 1.410027774790954425e+01 1.272716368818428911e+01 1.269428562654093184e+01 1.269037812201166382e+01 1.411444383917587864e+01 1.414741427346529079e+01 1.417361088899790467e+01
8.599999999999999867e-01 1.407679873339367838e+01 1.411280417091563066e+01 1.410545882142178620e+01 1.273294159587837271e+01 1.269745876614228308e+01 1.273511624197986869e+01 1.411729740815194489e+01 1.414972976986590147e+01 1.417491551104975755e+01
8.800000000000000044e-01 1.408402538455410991e+01 1.412549130279181142e+01 1.410945144038955590e+01 1.273892599850158547e+01 1.270896024393278978e+01 1.274561448432241662e+01 1.412255480904746996e+01 1.416040770073764321e+01 1.418575060021551693e+01
9.000000000000000222e-01 1.408424785940862201e+01 1.412923922689028622e+01 1.411401854676257983e+01 1.274094263076865019e+01 1.270994313889679717e+01 1.274783239097454590e+01 1.413103429111520093e+01 1.416071596921866771e+01 1.419265404823502408e+01
9.200000000000000400e-01 1.408880430137677209e+01 1.414003514753426849e+01 1.411426185173975512e+01 1.274530729637580961e+01 1.274017752200131781e+01 1.276261785883288091e+01 1.413414474642153351e+01 1.416204516294680005e+01 1.419455389020859926e+01
9.400000000000000577e-01 1.409040063400972187e+01 1.414068088038818516e+01 1.411492071135365656e+01 1.277608836311843632e+01 1.276051204219523427e+01 1.280304730132116475e+01 1.415173962033703958e+01 1.417663067915412789e+01 1.420955053985588989e+01
9.600000000000000755e-01 1.409055889887771507e+01 1.420568079338498535e+01 1.411505113077167373e+01 1.278051636930116963e+01 1.277022188916317269e+01 1.283716295674151553e+01 1.416718157224282670e+01 1.418870455185413526e+01 1.421683773298591724e+01
9.799999999999999822e-01 1.409495526611698146e+01 1.420929668849448468e+01 1.418033935958160718e+01 1.280394757197974975e+01 1.282825074114961339e+01 1.286412360757942785e+01 1.417583724189386452e+01 1.424884246202899085e+01 1.423249078485578956e+01
1.000000000000000000e+00 1.410094841105577679e+01 1.421845924635654512e+01 1.419689652060591278e+01 1.285557021909724362e+01 1.293387973965629101e+01 1.290154441859789181e+01 1.422252685755267265e+01 1.428059203587878301e+01 1.426386149915157553e+01
1.000000000000000000e+00 1.500000000000000000e+01 1.500000000000000000e+01 1.500000000000000000e+01 1.500000000000000000e+01 1.500000000000000000e+01 1.500000000000000000e+01 1.500000000000000000e+01 1.500000000000000000e+01 1.500000000000000000e+01
